Quality of Fit (QoF) for Random Walk Task: S Target: ILITOTAL
+------+-----+----------------+----------------+--------------+----------------+
|  h   |  n  | MSE Normalized | MAE Normalized | MAE Original | sMAPE Original |
+------+-----+----------------+----------------+--------------+----------------+
|  1   | 196 |     0.016      |     0.0958     |  5546.9235   |     9.5443     |
|  2   | 196 |     0.049      |     0.1763     |  10060.3418  |    17.4761     |
|  3   | 196 |     0.0916     |     0.2475     |  13843.7653  |    24.3958     |
|  4   | 196 |     0.1389     |     0.3127     |  17095.2296  |    30.6506     |
|  5   | 196 |     0.192      |     0.3754     |  20091.8827  |    36.6064     |
|  6   | 196 |     0.2516     |     0.4348     |  23039.3929  |     42.135     |
|  7   | 196 |     0.3178     |     0.4898     |  25768.3673  |    47.1227     |
|  8   | 196 |     0.3878     |     0.5437     |   28557.0    |     51.913     |
|  9   | 196 |     0.4578     |     0.5908     |  30862.6276  |    55.9891     |
|  10  | 196 |     0.525      |     0.6338     |  32960.1429  |    59.6475     |
|  11  | 196 |     0.5924     |     0.6741     |  34906.5969  |    62.9878     |
|  12  | 196 |     0.6615     |     0.7136     |  36826.852   |    66.2155     |
| Avg. |     |     0.3068     |     0.4407     |  23296.5935  |     42.057     |
+------+-----+----------------+----------------+--------------+----------------+

Quality of Fit (QoF) for PatchTST Task: MS Target: ILITOTAL
+------+-----+----------------+----------------+--------------+----------------+
|  h   |  n  | MSE Normalized | MAE Normalized | MAE Original | sMAPE Original |
+------+-----+----------------+----------------+--------------+----------------+
|  1   | 196 |     0.0233     |     0.1165     |  6930.7645   |    11.5967     |
|  2   | 196 |     0.0406     |     0.1458     |   8837.672   |    14.4506     |
|  3   | 196 |     0.0567     |     0.1738     |  10599.6484  |    17.1759     |
|  4   | 196 |     0.0639     |     0.185      |  10741.1055  |    18.2334     |
|  5   | 196 |     0.0805     |     0.2069     |  12168.8925  |    20.3422     |
|  6   | 196 |     0.0911     |     0.217      |  12655.4457  |    21.2809     |
|  7   | 196 |     0.1005     |     0.2215     |  12979.1584  |    21.6498     |
|  8   | 196 |     0.1228     |     0.2504     |  14406.9821  |    24.4035     |
|  9   | 196 |     0.1317     |     0.2612     |  14941.9191  |     25.435     |
|  10  | 196 |     0.1429     |     0.2782     |  15551.8165  |    27.0777     |
|  11  | 196 |     0.1419     |     0.2727     |  15359.613   |    26.5291     |
|  12  | 196 |     0.1564     |     0.2839     |  15853.5013  |    27.5307     |
| Avg. |     |     0.096      |     0.2177     |  12585.5433  |    21.3088     |
+------+-----+----------------+----------------+--------------+----------------+